334843 1724644 1791515 1713618 1604467 1025251 283387
1724644 1791515 1713618 1604467 1025251 283387 281094
1791515 1713618 1604467 1025251 283387 281094 1212098
1713618 1604467 1025251 283387 281094 1212098 1762447
1604467 1025251 283387 281094 1212098 1762447 1783807
1025251 283387 281094 1212098 1762447 1783807 1755092
283387 281094 1212098 1762447 1783807 1755092 1464174
281094 1212098 1762447 1783807 1755092 1464174 304012
1212098 1762447 1783807 1755092 1464174 304012 333803
1762447 1783807 1755092 1464174 304012 333803 1668720
1783807 1755092 1464174 304012 333803 1668720 1809231
1755092 1464174 304012 333803 1668720 1809231 1785851
1464174 304012 333803 1668720 1809231 1785851 1733715
304012 333803 1668720 1809231 1785851 1733715 1417542
333803 1668720 1809231 1785851 1733715 1417542 284665
1668720 1809231 1785851 1733715 1417542 284665 325596
1809231 1785851 1733715 1417542 284665 325596 1677512
1785851 1733715 1417542 284665 325596 1677512 1747433
1733715 1417542 284665 325596 1677512 1747433 1867743
1417542 284665 325596 1677512 1747433 1867743 1821139
284665 325596 1677512 1747433 1867743 1821139 1535546
325596 1677512 1747433 1867743 1821139 1535546 312725
1677512 1747433 1867743 1821139 1535546 312725 313789
