1462857 1638134 1654313 1451368 296107 305734 1618279
1638134 1654313 1451368 296107 305734 1618279 1759482
1654313 1451368 296107 305734 1618279 1759482 1728739
1451368 296107 305734 1618279 1759482 1728739 1681220
296107 305734 1618279 1759482 1728739 1681220 1231696
305734 1618279 1759482 1728739 1681220 1231696 291699
1618279 1759482 1728739 1681220 1231696 291699 300049
1759482 1728739 1681220 1231696 291699 300049 1623914
1728739 1681220 1231696 291699 300049 1623914 1773138
1681220 1231696 291699 300049 1623914 1773138 1773006
1231696 291699 300049 1623914 1773138 1773006 1741647
291699 300049 1623914 1773138 1773006 1741647 1510620
300049 1623914 1773138 1773006 1741647 1510620 316997
1623914 1773138 1773006 1741647 1510620 316997 312286
1773138 1773006 1741647 1510620 316997 312286 1604144
1773006 1741647 1510620 316997 312286 1604144 1695078
1741647 1510620 316997 312286 1604144 1695078 1582321
1510620 316997 312286 1604144 1695078 1582321 1286650
316997 312286 1604144 1695078 1582321 1286650 1082173
312286 1604144 1695078 1582321 1286650 1082173 262338
1604144 1695078 1582321 1286650 1082173 262338 294149
1695078 1582321 1286650 1082173 262338 294149 1595097
1582321 1286650 1082173 262338 294149 1595097 1758705
1286650 1082173 262338 294149 1595097 1758705 1716546
1082173 262338 294149 1595097 1758705 1716546 1670353
262338 294149 1595097 1758705 1716546 1670353 1443544
294149 1595097 1758705 1716546 1670353 1443544 321867
1595097 1758705 1716546 1670353 1443544 321867 325886
1758705 1716546 1670353 1443544 321867 325886 1629523
1716546 1670353 1443544 321867 325886 1629523 1714707
1670353 1443544 321867 325886 1629523 1714707 1739988
1443544 321867 325886 1629523 1714707 1739988 1643986
321867 325886 1629523 1714707 1739988 1643986 1395616
325886 1629523 1714707 1739988 1643986 1395616 310596
1629523 1714707 1739988 1643986 1395616 310596 326764
1714707 1739988 1643986 1395616 310596 326764 1590366
1739988 1643986 1395616 310596 326764 1590366 1695092
1643986 1395616 310596 326764 1590366 1695092 1688598
1395616 310596 326764 1590366 1695092 1688598 1640137
310596 326764 1590366 1695092 1688598 1640137 1349499
326764 1590366 1695092 1688598 1640137 1349499 282317
1590366 1695092 1688598 1640137 1349499 282317 280338
1695092 1688598 1640137 1349499 282317 280338 1441429
1688598 1640137 1349499 282317 280338 1441429 1532767
1640137 1349499 282317 280338 1441429 1532767 1435429
1349499 282317 280338 1441429 1532767 1435429 1317477
282317 280338 1441429 1532767 1435429 1317477 909147
280338 1441429 1532767 1435429 1317477 909147 211731
1441429 1532767 1435429 1317477 909147 211731 224167
1532767 1435429 1317477 909147 211731 224167 604152
1435429 1317477 909147 211731 224167 604152 796328
1317477 909147 211731 224167 604152 796328 864198
909147 211731 224167 604152 796328 864198 819234
211731 224167 604152 796328 864198 819234 645724
224167 604152 796328 864198 819234 645724 207079
604152 796328 864198 819234 645724 207079 244194
796328 864198 819234 645724 207079 244194 701398
864198 819234 645724 207079 244194 701398 1313203
819234 645724 207079 244194 701398 1313203 1464348
645724 207079 244194 701398 1313203 1464348 1462178
207079 244194 701398 1313203 1464348 1462178 1190435
244194 701398 1313203 1464348 1462178 1190435 287160
701398 1313203 1464348 1462178 1190435 287160 293270
1313203 1464348 1462178 1190435 287160 293270 1528072
1464348 1462178 1190435 287160 293270 1528072 1641193
1462178 1190435 287160 293270 1528072 1641193 1665278
1190435 287160 293270 1528072 1641193 1665278 1668003
287160 293270 1528072 1641193 1665278 1668003 1438413
293270 1528072 1641193 1665278 1668003 1438413 302169
1528072 1641193 1665278 1668003 1438413 302169 321716
1641193 1665278 1668003 1438413 302169 321716 1339231
1665278 1668003 1438413 302169 321716 1339231 1664641
1668003 1438413 302169 321716 1339231 1664641 1674015
1438413 302169 321716 1339231 1664641 1674015 1648655
302169 321716 1339231 1664641 1674015 1648655 1425458
321716 1339231 1664641 1674015 1648655 1425458 294103
1339231 1664641 1674015 1648655 1425458 294103 304636
1664641 1674015 1648655 1425458 294103 304636 1535928
1674015 1648655 1425458 294103 304636 1535928 1609628
1648655 1425458 294103 304636 1535928 1609628 1649794
1425458 294103 304636 1535928 1609628 1649794 1523213
294103 304636 1535928 1609628 1649794 1523213 1429575
304636 1535928 1609628 1649794 1523213 1429575 307446
1535928 1609628 1649794 1523213 1429575 307446 348080
1609628 1649794 1523213 1429575 307446 348080 1701565
1649794 1523213 1429575 307446 348080 1701565 1829055
1523213 1429575 307446 348080 1701565 1829055 1788831
1429575 307446 348080 1701565 1829055 1788831 1749986
307446 348080 1701565 1829055 1788831 1749986 1560288
348080 1701565 1829055 1788831 1749986 1560288 335914
1701565 1829055 1788831 1749986 1560288 335914 329922
1829055 1788831 1749986 1560288 335914 329922 1648548
1788831 1749986 1560288 335914 329922 1648548 1844453
1749986 1560288 335914 329922 1648548 1844453 1802654
1560288 335914 329922 1648548 1844453 1802654 1760412
335914 329922 1648548 1844453 1802654 1760412 1544215
329922 1648548 1844453 1802654 1760412 1544215 333812
1648548 1844453 1802654 1760412 1544215 333812 340691
1844453 1802654 1760412 1544215 333812 340691 1739535
1802654 1760412 1544215 333812 340691 1739535 1779254
1760412 1544215 333812 340691 1739535 1779254 1797739
1544215 333812 340691 1739535 1779254 1797739 1847542
333812 340691 1739535 1779254 1797739 1847542 1578017
340691 1739535 1779254 1797739 1847542 1578017 322992
1739535 1779254 1797739 1847542 1578017 322992 338352
1779254 1797739 1847542 1578017 322992 338352 1451348
1797739 1847542 1578017 322992 338352 1451348 1752179
1847542 1578017 322992 338352 1451348 1752179 1888727
1578017 322992 338352 1451348 1752179 1888727 1833408
322992 338352 1451348 1752179 1888727 1833408 1628599
338352 1451348 1752179 1888727 1833408 1628599 352535
1451348 1752179 1888727 1833408 1628599 352535 339775
1752179 1888727 1833408 1628599 352535 339775 1716954
1888727 1833408 1628599 352535 339775 1716954 1835335
1833408 1628599 352535 339775 1716954 1835335 1827153
1628599 352535 339775 1716954 1835335 1827153 1795202
352535 339775 1716954 1835335 1827153 1795202 1529297
339775 1716954 1835335 1827153 1795202 1529297 322929
1716954 1835335 1827153 1795202 1529297 322929 333925
1835335 1827153 1795202 1529297 322929 333925 1702907
1827153 1795202 1529297 322929 333925 1702907 1823024
1795202 1529297 322929 333925 1702907 1823024 1649836
1529297 322929 333925 1702907 1823024 1649836 1786379
322929 333925 1702907 1823024 1649836 1786379 1538602
333925 1702907 1823024 1649836 1786379 1538602 321308
1702907 1823024 1649836 1786379 1538602 321308 333129
1823024 1649836 1786379 1538602 321308 333129 1699722
1649836 1786379 1538602 321308 333129 1699722 1794508
1786379 1538602 321308 333129 1699722 1794508 1878386
1538602 321308 333129 1699722 1794508 1878386 1813377
321308 333129 1699722 1794508 1878386 1813377 1504505
333129 1699722 1794508 1878386 1813377 1504505 311933
1699722 1794508 1878386 1813377 1504505 311933 330935
1794508 1878386 1813377 1504505 311933 330935 1707188
1878386 1813377 1504505 311933 330935 1707188 1790643
1813377 1504505 311933 330935 1707188 1790643 1747166
1504505 311933 330935 1707188 1790643 1747166 1741718
311933 330935 1707188 1790643 1747166 1741718 1500838
330935 1707188 1790643 1747166 1741718 1500838 316754
1707188 1790643 1747166 1741718 1500838 316754 342359
1790643 1747166 1741718 1500838 316754 342359 1696235
1747166 1741718 1500838 316754 342359 1696235 1825925
1741718 1500838 316754 342359 1696235 1825925 1783162
1500838 316754 342359 1696235 1825925 1783162 1799086
316754 342359 1696235 1825925 1783162 1799086 1539636
342359 1696235 1825925 1783162 1799086 1539636 332412
1696235 1825925 1783162 1799086 1539636 332412 334843
1825925 1783162 1799086 1539636 332412 334843 1724644
1783162 1799086 1539636 332412 334843 1724644 1791515
1799086 1539636 332412 334843 1724644 1791515 1713618
1539636 332412 334843 1724644 1791515 1713618 1604467
332412 334843 1724644 1791515 1713618 1604467 1025251
334843 1724644 1791515 1713618 1604467 1025251 283387
1724644 1791515 1713618 1604467 1025251 283387 281094
1791515 1713618 1604467 1025251 283387 281094 1212098
1713618 1604467 1025251 283387 281094 1212098 1762447
1604467 1025251 283387 281094 1212098 1762447 1783807
1025251 283387 281094 1212098 1762447 1783807 1755092
283387 281094 1212098 1762447 1783807 1755092 1464174
281094 1212098 1762447 1783807 1755092 1464174 304012
1212098 1762447 1783807 1755092 1464174 304012 333803
1762447 1783807 1755092 1464174 304012 333803 1668720
1783807 1755092 1464174 304012 333803 1668720 1809231
1755092 1464174 304012 333803 1668720 1809231 1785851
1464174 304012 333803 1668720 1809231 1785851 1733715
304012 333803 1668720 1809231 1785851 1733715 1417542
333803 1668720 1809231 1785851 1733715 1417542 284665
1668720 1809231 1785851 1733715 1417542 284665 325596
1809231 1785851 1733715 1417542 284665 325596 1677512
1785851 1733715 1417542 284665 325596 1677512 1747433
1733715 1417542 284665 325596 1677512 1747433 1867743
1417542 284665 325596 1677512 1747433 1867743 1821139
284665 325596 1677512 1747433 1867743 1821139 1535546
325596 1677512 1747433 1867743 1821139 1535546 312725
1677512 1747433 1867743 1821139 1535546 312725 313789
