
1462857
1638134
1654313
1451368
296107
305734
1618279
1759482
1728739
1681220
1231696
291699
300049
1623914
1773138
1773006
1741647
1510620
316997
312286
1604144
1695078
1582321
1286650
1082173
262338
294149
1595097
1758705
1716546
1670353
1443544
321867
325886
1629523
1714707
1739988
1643986
1395616
310596
326764
1590366
1695092
1688598
1640137
1349499
282317
280338
1441429
1532767
1435429
1317477
909147
211731
224167
604152
796328
864198
819234
645724
207079
244194
701398
1313203
1464348
1462178
1190435
287160
293270
1528072
1641193
1665278
1668003
1438413
302169
321716
1339231
1664641
1674015
1648655
1425458
294103
304636
1535928
1609628
1649794
1523213
1429575
307446
348080
1701565
1829055
1788831
1749986
1560288
335914
329922
1648548
1844453
1802654
1760412
1544215
333812
340691
1739535
1779254
1797739
1847542
1578017
322992
338352
1451348
1752179
1888727
1833408
1628599
352535
339775
1716954
1835335
1827153
1795202
1529297
322929
333925
1702907
1823024
1649836
1786379
1538602
321308
333129
1699722
1794508
1878386
1813377
1504505
311933
330935
1707188
1790643
1747166
1741718
1500838
316754
342359
1696235
1825925
1783162
1799086
1539636
332412
334843
1724644
1791515
1713618
1604467
1025251
283387
281094
1212098
1762447
1783807
1755092
1464174
304012
333803
1668720
1809231
1785851
1733715
1417542
284665
325596
1677512
1747433
1867743
1821139
1535546
312725
313789
